/*--------------------------------*- C++ -*----------------------------------*\
| =========                 |                                                 |
| \\      /  F ield         | OpenFOAM: The Open Source CFD Toolbox           |
|  \\    /   O peration     | Version:  5.x                                   |
|   \\  /    A nd           | Web:      www.OpenFOAM.org                      |
|    \\/     M anipulation  |                                                 |
\*---------------------------------------------------------------------------*/
FoamFile
{
    version     2.0;
    format      binary;
    class       cellSet;
    location    "constant/polyMesh/sets";
    object      local;
}
// * * * * * * * * * * * * * * * * * * * * * * * * * * * * * * * * * * * * * //


4224
(
114816 
114817 
114818 
114819 
114820 
114821 
114822 
114823 
114824 
114825 
114826 
114827 
114828 
114829 
114830 
114831 
114832 
114833 
114834 
114835 
114836 
114837 
114838 
114839 
114840 
114841 
114842 
114843 
114844 
114845 
114846 
114847 
114848 
114849 
114850 
114851 
114852 
114853 
114854 
114855 
114856 
114857 
114858 
114859 
114860 
114861 
114862 
114863 
114864 
114865 
114866 
114867 
114868 
114869 
114870 
114871 
114872 
114873 
114874 
114875 
114876 
114877 
114878 
114879 
114880 
114881 
114882 
114883 
114884 
114885 
114886 
114887 
114888 
114889 
114890 
114891 
114892 
114893 
114894 
114895 
114896 
114897 
114898 
114899 
114900 
114901 
114902 
114903 
114904 
114905 
114906 
114907 
114908 
114909 
114910 
114911 
114912 
114913 
114914 
114915 
114916 
114917 
114918 
114919 
114920 
114921 
114922 
114923 
114924 
114925 
114926 
114927 
114928 
114929 
114930 
114931 
114932 
114933 
114934 
114935 
114936 
114937 
114938 
114939 
114940 
114941 
114942 
114943 
114944 
114945 
114946 
114947 
114948 
114949 
114950 
114951 
114952 
114953 
114954 
114955 
114956 
114957 
114958 
114959 
114960 
114961 
114962 
114963 
114964 
114965 
114966 
114967 
114968 
114969 
114970 
114971 
114972 
114973 
114974 
114975 
114976 
114977 
114978 
114979 
114980 
114981 
114982 
114983 
114984 
114985 
114986 
114987 
114988 
114989 
114990 
114991 
114992 
114993 
114994 
114995 
114996 
114997 
114998 
114999 
115000 
115001 
115002 
115003 
115004 
115005 
115006 
115007 
115008 
115009 
115010 
115011 
115012 
115013 
115014 
115015 
115016 
115017 
115018 
115019 
115020 
115021 
115022 
115023 
115024 
115025 
115026 
115027 
115028 
115029 
115030 
115031 
115032 
115033 
115034 
115035 
115036 
115037 
115038 
115039 
115040 
115041 
115042 
115043 
115044 
115045 
115046 
115047 
115048 
115049 
115050 
115051 
115052 
115053 
115054 
115055 
115056 
115057 
115058 
115059 
115060 
115061 
115062 
115063 
115064 
115065 
115066 
115067 
115068 
115069 
115070 
115071 
115072 
115073 
115074 
115075 
115076 
115077 
115078 
115079 
115080 
115081 
115082 
115083 
115084 
115085 
115086 
115087 
115088 
115089 
115090 
115091 
115092 
115093 
115094 
115095 
115096 
115097 
115098 
115099 
115100 
115101 
115102 
115103 
115104 
115105 
115106 
115107 
115108 
115109 
115110 
115111 
115112 
115113 
115114 
115115 
115116 
115117 
115118 
115119 
115120 
115121 
115122 
115123 
115124 
115125 
115126 
115127 
115128 
115129 
115130 
115131 
115132 
115133 
115134 
115135 
115136 
115137 
115138 
115139 
115140 
115141 
115142 
115143 
115144 
115145 
115146 
115147 
115148 
115149 
115150 
115151 
115152 
115153 
115154 
115155 
115156 
115157 
115158 
115159 
115160 
115161 
115162 
115163 
115164 
115165 
115166 
115167 
115168 
115169 
115170 
115171 
115172 
115173 
115174 
115175 
115176 
115177 
115178 
115179 
115180 
115181 
115182 
115183 
115184 
115185 
115186 
115187 
115188 
115189 
115190 
115191 
115192 
115193 
115194 
115195 
115196 
115197 
115198 
115199 
115200 
115201 
115202 
115203 
115204 
115205 
115206 
115207 
115208 
115209 
115210 
115211 
115212 
115213 
115214 
115215 
115216 
115217 
115218 
115219 
115220 
115221 
115222 
115223 
115224 
115225 
115226 
115227 
115228 
115229 
115230 
115231 
115232 
115233 
115234 
115235 
115236 
115237 
115238 
115239 
115240 
115241 
115242 
115243 
115244 
115245 
115246 
115247 
115248 
115249 
115250 
115251 
115252 
115253 
115254 
115255 
115256 
115257 
115258 
115259 
115260 
115261 
115262 
115263 
115264 
115265 
115266 
115267 
115268 
115269 
115270 
115271 
115272 
115273 
115274 
115275 
115276 
115277 
115278 
115279 
115280 
115281 
115282 
115283 
115284 
115285 
115286 
115287 
115288 
115289 
115290 
115291 
115292 
115293 
115294 
115295 
115296 
115297 
115298 
115299 
115300 
115301 
115302 
115303 
115304 
115305 
115306 
115307 
115308 
115309 
115310 
115311 
115312 
115313 
115314 
115315 
115316 
115317 
115318 
115319 
115320 
115321 
115322 
115323 
115324 
115325 
115326 
115327 
115328 
115329 
115330 
115331 
115332 
115333 
115334 
115335 
115336 
115337 
115338 
115339 
115340 
115341 
115342 
115343 
115344 
115345 
115346 
115347 
115348 
115349 
115350 
115351 
115352 
115353 
115354 
115355 
115356 
115357 
115358 
115359 
115360 
115361 
115362 
115363 
115364 
115365 
115366 
115367 
115368 
115369 
115370 
115371 
115372 
115373 
115374 
115375 
115376 
115377 
115378 
115379 
115380 
115381 
115382 
115383 
115384 
115385 
115386 
115387 
115388 
115389 
115390 
115391 
115392 
115393 
115394 
115395 
115396 
115397 
115398 
115399 
115400 
115401 
115402 
115403 
115404 
115405 
115406 
115407 
115408 
115409 
115410 
115411 
115412 
115413 
115414 
115415 
115416 
115417 
115418 
115419 
115420 
115421 
115422 
115423 
115424 
115425 
115426 
115427 
115428 
115429 
115430 
115431 
115432 
115433 
115434 
115435 
115436 
115437 
115438 
115439 
115440 
115441 
115442 
115443 
115444 
115445 
115446 
115447 
115448 
115449 
115450 
115451 
115452 
115453 
115454 
115455 
115456 
115457 
115458 
115459 
115460 
115461 
115462 
115463 
115464 
115465 
115466 
115467 
115468 
115469 
115470 
115471 
115472 
115473 
115474 
115475 
115476 
115477 
115478 
115479 
115480 
115481 
115482 
115483 
115484 
115485 
115486 
115487 
115488 
115489 
115490 
115491 
115492 
115493 
115494 
115495 
115496 
115497 
115498 
115499 
115500 
115501 
115502 
115503 
115504 
115505 
115506 
115507 
115508 
115509 
115510 
115511 
115512 
115513 
115514 
115515 
115516 
115517 
115518 
115519 
115520 
115521 
115522 
115523 
115524 
115525 
115526 
115527 
115528 
115529 
115530 
115531 
115532 
115533 
115534 
115535 
115536 
115537 
115538 
115539 
115540 
115541 
115542 
115543 
115544 
115545 
115546 
115547 
115548 
115549 
115550 
115551 
115552 
115553 
115554 
115555 
115556 
115557 
115558 
115559 
115560 
115561 
115562 
115563 
115564 
115565 
115566 
115567 
115568 
115569 
115570 
115571 
115572 
115573 
115574 
115575 
115576 
115577 
115578 
115579 
115580 
115581 
115582 
115583 
133344 
133345 
133346 
133347 
133348 
133349 
133350 
133351 
133352 
133353 
133354 
133355 
133356 
133357 
133358 
133359 
133360 
133361 
133362 
133363 
133364 
133365 
133366 
133367 
133368 
133369 
133370 
133371 
133372 
133373 
133374 
133375 
133376 
133377 
133378 
133379 
133380 
133381 
133382 
133383 
133384 
133385 
133386 
133387 
133388 
133389 
133390 
133391 
133392 
133393 
133394 
133395 
133396 
133397 
133398 
133399 
133400 
133401 
133402 
133403 
133404 
133405 
133406 
133407 
133408 
133409 
133410 
133411 
133412 
133413 
133414 
133415 
133416 
133417 
133418 
133419 
133420 
133421 
133422 
133423 
133424 
133425 
133426 
133427 
133428 
133429 
133430 
133431 
133432 
133433 
133434 
133435 
133436 
133437 
133438 
133439 
133440 
133441 
133442 
133443 
133444 
133445 
133446 
133447 
133448 
133449 
133450 
133451 
133452 
133453 
133454 
133455 
133456 
133457 
133458 
133459 
133460 
133461 
133462 
133463 
133464 
133465 
133466 
133467 
133468 
133469 
133470 
133471 
133472 
133473 
133474 
133475 
133476 
133477 
133478 
133479 
133480 
133481 
133482 
133483 
133484 
133485 
133486 
133487 
133488 
133489 
133490 
133491 
133492 
133493 
133494 
133495 
133496 
133497 
133498 
133499 
133500 
133501 
133502 
133503 
133504 
133505 
133506 
133507 
133508 
133509 
133510 
133511 
133512 
133513 
133514 
133515 
133516 
133517 
133518 
133519 
133520 
133521 
133522 
133523 
133524 
133525 
133526 
133527 
133528 
133529 
133530 
133531 
133532 
133533 
133534 
133535 
133536 
133537 
133538 
133539 
133540 
133541 
133542 
133543 
133544 
133545 
133546 
133547 
133548 
133549 
133550 
133551 
133552 
133553 
133554 
133555 
133556 
133557 
133558 
133559 
133560 
133561 
133562 
133563 
133564 
133565 
133566 
133567 
133568 
133569 
133570 
133571 
133572 
133573 
133574 
133575 
133576 
133577 
133578 
133579 
133580 
133581 
133582 
133583 
133584 
133585 
133586 
133587 
133588 
133589 
133590 
133591 
133592 
133593 
133594 
133595 
133596 
133597 
133598 
133599 
133600 
133601 
133602 
133603 
133604 
133605 
133606 
133607 
133608 
133609 
133610 
133611 
133612 
133613 
133614 
133615 
133616 
133617 
133618 
133619 
133620 
133621 
133622 
133623 
133624 
133625 
133626 
133627 
133628 
133629 
133630 
133631 
133632 
133633 
133634 
133635 
133636 
133637 
133638 
133639 
133640 
133641 
133642 
133643 
133644 
133645 
133646 
133647 
133648 
133649 
133650 
133651 
133652 
133653 
133654 
133655 
133656 
133657 
133658 
133659 
133660 
133661 
133662 
133663 
133664 
133665 
133666 
133667 
133668 
133669 
133670 
133671 
133672 
133673 
133674 
133675 
133676 
133677 
133678 
133679 
133680 
133681 
133682 
133683 
133684 
133685 
133686 
133687 
133688 
133689 
133690 
133691 
133692 
133693 
133694 
133695 
133696 
133697 
133698 
133699 
133700 
133701 
133702 
133703 
133704 
133705 
133706 
133707 
133708 
133709 
133710 
133711 
133712 
133713 
133714 
133715 
133716 
133717 
133718 
133719 
133720 
133721 
133722 
133723 
133724 
133725 
133726 
133727 
133728 
133729 
133730 
133731 
133732 
133733 
133734 
133735 
133736 
133737 
133738 
133739 
133740 
133741 
133742 
133743 
133744 
133745 
133746 
133747 
133748 
133749 
133750 
133751 
133752 
133753 
133754 
133755 
133756 
133757 
133758 
133759 
133760 
133761 
133762 
133763 
133764 
133765 
133766 
133767 
133768 
133769 
133770 
133771 
133772 
133773 
133774 
133775 
133776 
133777 
133778 
133779 
133780 
133781 
133782 
133783 
133784 
133785 
133786 
133787 
133788 
133789 
133790 
133791 
133792 
133793 
133794 
133795 
133796 
133797 
133798 
133799 
133800 
133801 
133802 
133803 
133804 
133805 
133806 
133807 
133808 
133809 
133810 
133811 
133812 
133813 
133814 
133815 
133816 
133817 
133818 
133819 
133820 
133821 
133822 
133823 
133824 
133825 
133826 
133827 
133828 
133829 
133830 
133831 
133832 
133833 
133834 
133835 
133836 
133837 
133838 
133839 
133840 
133841 
133842 
133843 
133844 
133845 
133846 
133847 
133848 
133849 
133850 
133851 
133852 
133853 
133854 
133855 
133856 
133857 
133858 
133859 
133860 
133861 
133862 
133863 
133864 
133865 
133866 
133867 
133868 
133869 
133870 
133871 
133872 
133873 
133874 
133875 
133876 
133877 
133878 
133879 
133880 
133881 
133882 
133883 
133884 
133885 
133886 
133887 
133888 
133889 
133890 
133891 
133892 
133893 
133894 
133895 
133896 
133897 
133898 
133899 
133900 
133901 
133902 
133903 
133904 
133905 
133906 
133907 
133908 
133909 
133910 
133911 
133912 
133913 
133914 
133915 
133916 
133917 
133918 
133919 
87264 
87265 
87266 
87267 
87268 
87269 
87270 
87271 
87272 
87273 
87274 
87275 
87276 
87277 
87278 
87279 
87280 
87281 
87282 
87283 
87284 
87285 
87286 
87287 
87288 
87289 
87290 
87291 
87292 
87293 
87294 
87295 
87296 
87297 
87298 
87299 
87300 
87301 
87302 
87303 
87304 
87305 
87306 
87307 
87308 
87309 
87310 
87311 
87312 
87313 
87314 
87315 
87316 
87317 
87318 
87319 
87320 
87321 
87322 
87323 
87324 
87325 
87326 
87327 
87328 
87329 
87330 
87331 
87332 
87333 
87334 
87335 
87336 
87337 
87338 
87339 
87340 
87341 
87342 
87343 
87344 
87345 
87346 
87347 
87348 
87349 
87350 
87351 
87352 
87353 
87354 
87355 
87356 
87357 
87358 
87359 
87360 
87361 
87362 
87363 
87364 
87365 
87366 
87367 
87368 
87369 
87370 
87371 
87372 
87373 
87374 
87375 
87376 
87377 
87378 
87379 
87380 
87381 
87382 
87383 
87384 
87385 
87386 
87387 
87388 
87389 
87390 
87391 
87392 
87393 
87394 
87395 
87396 
87397 
87398 
87399 
87400 
87401 
87402 
87403 
87404 
87405 
87406 
87407 
87408 
87409 
87410 
87411 
87412 
87413 
87414 
87415 
87416 
87417 
87418 
87419 
87420 
87421 
87422 
87423 
87424 
87425 
87426 
87427 
87428 
87429 
87430 
87431 
87432 
87433 
87434 
87435 
87436 
87437 
87438 
87439 
87440 
87441 
87442 
87443 
87444 
87445 
87446 
87447 
87448 
87449 
87450 
87451 
87452 
87453 
87454 
87455 
87456 
87457 
87458 
87459 
87460 
87461 
87462 
87463 
87464 
87465 
87466 
87467 
87468 
87469 
87470 
87471 
87472 
87473 
87474 
87475 
87476 
87477 
87478 
87479 
87480 
87481 
87482 
87483 
87484 
87485 
87486 
87487 
87488 
87489 
87490 
87491 
87492 
87493 
87494 
87495 
87496 
87497 
87498 
87499 
87500 
87501 
87502 
87503 
87504 
87505 
87506 
87507 
87508 
87509 
87510 
87511 
87512 
87513 
87514 
87515 
87516 
87517 
87518 
87519 
87520 
87521 
87522 
87523 
87524 
87525 
87526 
87527 
87528 
87529 
87530 
87531 
87532 
87533 
87534 
87535 
87536 
87537 
87538 
87539 
87540 
87541 
87542 
87543 
87544 
87545 
87546 
87547 
87548 
87549 
87550 
87551 
87552 
87553 
87554 
87555 
87556 
87557 
87558 
87559 
87560 
87561 
87562 
87563 
87564 
87565 
87566 
87567 
87568 
87569 
87570 
87571 
87572 
87573 
87574 
87575 
87576 
87577 
87578 
87579 
87580 
87581 
87582 
87583 
87584 
87585 
87586 
87587 
87588 
87589 
87590 
87591 
87592 
87593 
87594 
87595 
87596 
87597 
87598 
87599 
87600 
87601 
87602 
87603 
87604 
87605 
87606 
87607 
87608 
87609 
87610 
87611 
87612 
87613 
87614 
87615 
87616 
87617 
87618 
87619 
87620 
87621 
87622 
87623 
87624 
87625 
87626 
87627 
87628 
87629 
87630 
87631 
87632 
87633 
87634 
87635 
87636 
87637 
87638 
87639 
87640 
87641 
87642 
87643 
87644 
87645 
87646 
87647 
87648 
87649 
87650 
87651 
87652 
87653 
87654 
87655 
87656 
87657 
87658 
87659 
87660 
87661 
87662 
87663 
87664 
87665 
87666 
87667 
87668 
87669 
87670 
87671 
87672 
87673 
87674 
87675 
87676 
87677 
87678 
87679 
87680 
87681 
87682 
87683 
87684 
87685 
87686 
87687 
87688 
87689 
87690 
87691 
87692 
87693 
87694 
87695 
87696 
87697 
87698 
87699 
87700 
87701 
87702 
87703 
87704 
87705 
87706 
87707 
87708 
87709 
87710 
87711 
87712 
87713 
87714 
87715 
87716 
87717 
87718 
87719 
87720 
87721 
87722 
87723 
87724 
87725 
87726 
87727 
87728 
87729 
87730 
87731 
87732 
87733 
87734 
87735 
87736 
87737 
87738 
87739 
87740 
87741 
87742 
87743 
87744 
87745 
87746 
87747 
87748 
87749 
87750 
87751 
87752 
87753 
87754 
87755 
87756 
87757 
87758 
87759 
87760 
87761 
87762 
87763 
87764 
87765 
87766 
87767 
87768 
87769 
87770 
87771 
87772 
87773 
87774 
87775 
87776 
87777 
87778 
87779 
87780 
87781 
87782 
87783 
87784 
87785 
87786 
87787 
87788 
87789 
87790 
87791 
87792 
87793 
87794 
87795 
87796 
87797 
87798 
87799 
87800 
87801 
87802 
87803 
87804 
87805 
87806 
87807 
87808 
87809 
87810 
87811 
87812 
87813 
87814 
87815 
87816 
87817 
87818 
87819 
87820 
87821 
87822 
87823 
87824 
87825 
87826 
87827 
87828 
87829 
87830 
87831 
87832 
87833 
87834 
87835 
87836 
87837 
87838 
87839 
105600 
105601 
105602 
105603 
105604 
105605 
105606 
105607 
105608 
105609 
105610 
105611 
105612 
105613 
105614 
105615 
105616 
105617 
105618 
105619 
105620 
105621 
105622 
105623 
105624 
105625 
105626 
105627 
105628 
105629 
105630 
105631 
105632 
105633 
105634 
105635 
105636 
105637 
105638 
105639 
105640 
105641 
105642 
105643 
105644 
105645 
105646 
105647 
105648 
105649 
105650 
105651 
105652 
105653 
105654 
105655 
105656 
105657 
105658 
105659 
105660 
105661 
105662 
105663 
105664 
105665 
105666 
105667 
105668 
105669 
105670 
105671 
105672 
105673 
105674 
105675 
105676 
105677 
105678 
105679 
105680 
105681 
105682 
105683 
105684 
105685 
105686 
105687 
105688 
105689 
105690 
105691 
105692 
105693 
105694 
105695 
105696 
105697 
105698 
105699 
105700 
105701 
105702 
105703 
105704 
105705 
105706 
105707 
105708 
105709 
105710 
105711 
105712 
105713 
105714 
105715 
105716 
105717 
105718 
105719 
105720 
105721 
105722 
105723 
105724 
105725 
105726 
105727 
105728 
105729 
105730 
105731 
105732 
105733 
105734 
105735 
105736 
105737 
105738 
105739 
105740 
105741 
105742 
105743 
105744 
105745 
105746 
105747 
105748 
105749 
105750 
105751 
105752 
105753 
105754 
105755 
105756 
105757 
105758 
105759 
105760 
105761 
105762 
105763 
105764 
105765 
105766 
105767 
105768 
105769 
105770 
105771 
105772 
105773 
105774 
105775 
105776 
105777 
105778 
105779 
105780 
105781 
105782 
105783 
105784 
105785 
105786 
105787 
105788 
105789 
105790 
105791 
105792 
105793 
105794 
105795 
105796 
105797 
105798 
105799 
105800 
105801 
105802 
105803 
105804 
105805 
105806 
105807 
105808 
105809 
105810 
105811 
105812 
105813 
105814 
105815 
105816 
105817 
105818 
105819 
105820 
105821 
105822 
105823 
105824 
105825 
105826 
105827 
105828 
105829 
105830 
105831 
105832 
105833 
105834 
105835 
105836 
105837 
105838 
105839 
105840 
105841 
105842 
105843 
105844 
105845 
105846 
105847 
105848 
105849 
105850 
105851 
105852 
105853 
105854 
105855 
105856 
105857 
105858 
105859 
105860 
105861 
105862 
105863 
105864 
105865 
105866 
105867 
105868 
105869 
105870 
105871 
105872 
105873 
105874 
105875 
105876 
105877 
105878 
105879 
105880 
105881 
105882 
105883 
105884 
105885 
105886 
105887 
105888 
105889 
105890 
105891 
105892 
105893 
105894 
105895 
105896 
105897 
105898 
105899 
105900 
105901 
105902 
105903 
105904 
105905 
105906 
105907 
105908 
105909 
105910 
105911 
105912 
105913 
105914 
105915 
105916 
105917 
105918 
105919 
105920 
105921 
105922 
105923 
105924 
105925 
105926 
105927 
105928 
105929 
105930 
105931 
105932 
105933 
105934 
105935 
105936 
105937 
105938 
105939 
105940 
105941 
105942 
105943 
105944 
105945 
105946 
105947 
105948 
105949 
105950 
105951 
105952 
105953 
105954 
105955 
105956 
105957 
105958 
105959 
105960 
105961 
105962 
105963 
105964 
105965 
105966 
105967 
105968 
105969 
105970 
105971 
105972 
105973 
105974 
105975 
105976 
105977 
105978 
105979 
105980 
105981 
105982 
105983 
105984 
105985 
105986 
105987 
105988 
105989 
105990 
105991 
105992 
105993 
105994 
105995 
105996 
105997 
105998 
105999 
106000 
106001 
106002 
106003 
106004 
106005 
106006 
106007 
106008 
106009 
106010 
106011 
106012 
106013 
106014 
106015 
106016 
106017 
106018 
106019 
106020 
106021 
106022 
106023 
106024 
106025 
106026 
106027 
106028 
106029 
106030 
106031 
106032 
106033 
106034 
106035 
106036 
106037 
106038 
106039 
106040 
106041 
106042 
106043 
106044 
106045 
106046 
106047 
106048 
106049 
106050 
106051 
106052 
106053 
106054 
106055 
106056 
106057 
106058 
106059 
106060 
106061 
106062 
106063 
106064 
106065 
106066 
106067 
106068 
106069 
106070 
106071 
106072 
106073 
106074 
106075 
106076 
106077 
106078 
106079 
106080 
106081 
106082 
106083 
106084 
106085 
106086 
106087 
106088 
106089 
106090 
106091 
106092 
106093 
106094 
106095 
106096 
106097 
106098 
106099 
106100 
106101 
106102 
106103 
106104 
106105 
106106 
106107 
106108 
106109 
106110 
106111 
106112 
106113 
106114 
106115 
106116 
106117 
106118 
106119 
106120 
106121 
106122 
106123 
106124 
106125 
106126 
106127 
106128 
106129 
106130 
106131 
106132 
106133 
106134 
106135 
106136 
106137 
106138 
106139 
106140 
106141 
106142 
106143 
106144 
106145 
106146 
106147 
106148 
106149 
106150 
106151 
106152 
106153 
106154 
106155 
106156 
106157 
106158 
106159 
106160 
106161 
106162 
106163 
106164 
106165 
106166 
106167 
106168 
106169 
106170 
106171 
106172 
106173 
106174 
106175 
106176 
106177 
106178 
106179 
106180 
106181 
106182 
106183 
106184 
106185 
106186 
106187 
106188 
106189 
106190 
106191 
106192 
106193 
106194 
106195 
106196 
106197 
106198 
106199 
106200 
106201 
106202 
106203 
106204 
106205 
106206 
106207 
106208 
106209 
106210 
106211 
106212 
106213 
106214 
106215 
106216 
106217 
106218 
106219 
106220 
106221 
106222 
106223 
106224 
106225 
106226 
106227 
106228 
106229 
106230 
106231 
106232 
106233 
106234 
106235 
106236 
106237 
106238 
106239 
106240 
106241 
106242 
106243 
106244 
106245 
106246 
106247 
106248 
106249 
106250 
106251 
106252 
106253 
106254 
106255 
106256 
106257 
106258 
106259 
106260 
106261 
106262 
106263 
106264 
106265 
106266 
106267 
106268 
106269 
106270 
106271 
106272 
106273 
106274 
106275 
106276 
106277 
106278 
106279 
106280 
106281 
106282 
106283 
106284 
106285 
106286 
106287 
106288 
106289 
106290 
106291 
106292 
106293 
106294 
106295 
106296 
106297 
106298 
106299 
106300 
106301 
106302 
106303 
106304 
106305 
106306 
106307 
106308 
106309 
106310 
106311 
106312 
106313 
106314 
106315 
106316 
106317 
106318 
106319 
106320 
106321 
106322 
106323 
106324 
106325 
106326 
106327 
106328 
106329 
106330 
106331 
106332 
106333 
106334 
106335 
106336 
106337 
106338 
106339 
106340 
106341 
106342 
106343 
106344 
106345 
106346 
106347 
106348 
106349 
106350 
106351 
106352 
106353 
106354 
106355 
106356 
106357 
106358 
106359 
106360 
106361 
106362 
106363 
106364 
106365 
106366 
106367 
124128 
124129 
124130 
124131 
124132 
124133 
124134 
124135 
124136 
124137 
124138 
124139 
124140 
124141 
124142 
124143 
124144 
124145 
124146 
124147 
124148 
124149 
124150 
124151 
124152 
124153 
124154 
124155 
124156 
124157 
124158 
124159 
124160 
124161 
124162 
124163 
124164 
124165 
124166 
124167 
124168 
124169 
124170 
124171 
124172 
124173 
124174 
124175 
124176 
124177 
124178 
124179 
124180 
124181 
124182 
124183 
124184 
124185 
124186 
124187 
124188 
124189 
124190 
124191 
124192 
124193 
124194 
124195 
124196 
124197 
124198 
124199 
124200 
124201 
124202 
124203 
124204 
124205 
124206 
124207 
124208 
124209 
124210 
124211 
124212 
124213 
124214 
124215 
124216 
124217 
124218 
124219 
124220 
124221 
124222 
124223 
124224 
124225 
124226 
124227 
124228 
124229 
124230 
124231 
124232 
124233 
124234 
124235 
124236 
124237 
124238 
124239 
124240 
124241 
124242 
124243 
124244 
124245 
124246 
124247 
124248 
124249 
124250 
124251 
124252 
124253 
124254 
124255 
124256 
124257 
124258 
124259 
124260 
124261 
124262 
124263 
124264 
124265 
124266 
124267 
124268 
124269 
124270 
124271 
124272 
124273 
124274 
124275 
124276 
124277 
124278 
124279 
124280 
124281 
124282 
124283 
124284 
124285 
124286 
124287 
124288 
124289 
124290 
124291 
124292 
124293 
124294 
124295 
124296 
124297 
124298 
124299 
124300 
124301 
124302 
124303 
124304 
124305 
124306 
124307 
124308 
124309 
124310 
124311 
124312 
124313 
124314 
124315 
124316 
124317 
124318 
124319 
124320 
124321 
124322 
124323 
124324 
124325 
124326 
124327 
124328 
124329 
124330 
124331 
124332 
124333 
124334 
124335 
124336 
124337 
124338 
124339 
124340 
124341 
124342 
124343 
124344 
124345 
124346 
124347 
124348 
124349 
124350 
124351 
124352 
124353 
124354 
124355 
124356 
124357 
124358 
124359 
124360 
124361 
124362 
124363 
124364 
124365 
124366 
124367 
124368 
124369 
124370 
124371 
124372 
124373 
124374 
124375 
124376 
124377 
124378 
124379 
124380 
124381 
124382 
124383 
124384 
124385 
124386 
124387 
124388 
124389 
124390 
124391 
124392 
124393 
124394 
124395 
124396 
124397 
124398 
124399 
124400 
124401 
124402 
124403 
124404 
124405 
124406 
124407 
124408 
124409 
124410 
124411 
124412 
124413 
124414 
124415 
124416 
124417 
124418 
124419 
124420 
124421 
124422 
124423 
124424 
124425 
124426 
124427 
124428 
124429 
124430 
124431 
124432 
124433 
124434 
124435 
124436 
124437 
124438 
124439 
124440 
124441 
124442 
124443 
124444 
124445 
124446 
124447 
124448 
124449 
124450 
124451 
124452 
124453 
124454 
124455 
124456 
124457 
124458 
124459 
124460 
124461 
124462 
124463 
124464 
124465 
124466 
124467 
124468 
124469 
124470 
124471 
124472 
124473 
124474 
124475 
124476 
124477 
124478 
124479 
124480 
124481 
124482 
124483 
124484 
124485 
124486 
124487 
124488 
124489 
124490 
124491 
124492 
124493 
124494 
124495 
124496 
124497 
124498 
124499 
124500 
124501 
124502 
124503 
124504 
124505 
124506 
124507 
124508 
124509 
124510 
124511 
124512 
124513 
124514 
124515 
124516 
124517 
124518 
124519 
124520 
124521 
124522 
124523 
124524 
124525 
124526 
124527 
124528 
124529 
124530 
124531 
124532 
124533 
124534 
124535 
124536 
124537 
124538 
124539 
124540 
124541 
124542 
124543 
124544 
124545 
124546 
124547 
124548 
124549 
124550 
124551 
124552 
124553 
124554 
124555 
124556 
124557 
124558 
124559 
124560 
124561 
124562 
124563 
124564 
124565 
124566 
124567 
124568 
124569 
124570 
124571 
124572 
124573 
124574 
124575 
124576 
124577 
124578 
124579 
124580 
124581 
124582 
124583 
124584 
124585 
124586 
124587 
124588 
124589 
124590 
124591 
124592 
124593 
124594 
124595 
124596 
124597 
124598 
124599 
124600 
124601 
124602 
124603 
124604 
124605 
124606 
124607 
124608 
124609 
124610 
124611 
124612 
124613 
124614 
124615 
124616 
124617 
124618 
124619 
124620 
124621 
124622 
124623 
124624 
124625 
124626 
124627 
124628 
124629 
124630 
124631 
124632 
124633 
124634 
124635 
124636 
124637 
124638 
124639 
124640 
124641 
124642 
124643 
124644 
124645 
124646 
124647 
124648 
124649 
124650 
124651 
124652 
124653 
124654 
124655 
124656 
124657 
124658 
124659 
124660 
124661 
124662 
124663 
124664 
124665 
124666 
124667 
124668 
124669 
124670 
124671 
124672 
124673 
124674 
124675 
124676 
124677 
124678 
124679 
124680 
124681 
124682 
124683 
124684 
124685 
124686 
124687 
124688 
124689 
124690 
124691 
124692 
124693 
124694 
124695 
124696 
124697 
124698 
124699 
124700 
124701 
124702 
124703 
142752 
142753 
142754 
142755 
142756 
142757 
142758 
142759 
142760 
142761 
142762 
142763 
142764 
142765 
142766 
142767 
142768 
142769 
142770 
142771 
142772 
142773 
142774 
142775 
142776 
142777 
142778 
142779 
142780 
142781 
142782 
142783 
142784 
142785 
142786 
142787 
142788 
142789 
142790 
142791 
142792 
142793 
142794 
142795 
142796 
142797 
142798 
142799 
142800 
142801 
142802 
142803 
142804 
142805 
142806 
142807 
142808 
142809 
142810 
142811 
142812 
142813 
142814 
142815 
142816 
142817 
142818 
142819 
142820 
142821 
142822 
142823 
142824 
142825 
142826 
142827 
142828 
142829 
142830 
142831 
142832 
142833 
142834 
142835 
142836 
142837 
142838 
142839 
142840 
142841 
142842 
142843 
142844 
142845 
142846 
142847 
142848 
142849 
142850 
142851 
142852 
142853 
142854 
142855 
142856 
142857 
142858 
142859 
142860 
142861 
142862 
142863 
142864 
142865 
142866 
142867 
142868 
142869 
142870 
142871 
142872 
142873 
142874 
142875 
142876 
142877 
142878 
142879 
142880 
142881 
142882 
142883 
142884 
142885 
142886 
142887 
142888 
142889 
142890 
142891 
142892 
142893 
142894 
142895 
142896 
142897 
142898 
142899 
142900 
142901 
142902 
142903 
142904 
142905 
142906 
142907 
142908 
142909 
142910 
142911 
142912 
142913 
142914 
142915 
142916 
142917 
142918 
142919 
142920 
142921 
142922 
142923 
142924 
142925 
142926 
142927 
142928 
142929 
142930 
142931 
142932 
142933 
142934 
142935 
142936 
142937 
142938 
142939 
142940 
142941 
142942 
142943 
78240 
78241 
78242 
78243 
78244 
78245 
78246 
78247 
78248 
78249 
78250 
78251 
78252 
78253 
78254 
78255 
78256 
78257 
78258 
78259 
78260 
78261 
78262 
78263 
78264 
78265 
78266 
78267 
78268 
78269 
78270 
78271 
78272 
78273 
78274 
78275 
78276 
78277 
78278 
78279 
78280 
78281 
78282 
78283 
78284 
78285 
78286 
78287 
78288 
78289 
78290 
78291 
78292 
78293 
78294 
78295 
78296 
78297 
78298 
78299 
78300 
78301 
78302 
78303 
78304 
78305 
78306 
78307 
78308 
78309 
78310 
78311 
78312 
78313 
78314 
78315 
78316 
78317 
78318 
78319 
78320 
78321 
78322 
78323 
78324 
78325 
78326 
78327 
78328 
78329 
78330 
78331 
78332 
78333 
78334 
78335 
78336 
78337 
78338 
78339 
78340 
78341 
78342 
78343 
78344 
78345 
78346 
78347 
78348 
78349 
78350 
78351 
78352 
78353 
78354 
78355 
78356 
78357 
78358 
78359 
78360 
78361 
78362 
78363 
78364 
78365 
78366 
78367 
78368 
78369 
78370 
78371 
78372 
78373 
78374 
78375 
78376 
78377 
78378 
78379 
78380 
78381 
78382 
78383 
78384 
78385 
78386 
78387 
78388 
78389 
78390 
78391 
78392 
78393 
78394 
78395 
78396 
78397 
78398 
78399 
78400 
78401 
78402 
78403 
78404 
78405 
78406 
78407 
78408 
78409 
78410 
78411 
78412 
78413 
78414 
78415 
78416 
78417 
78418 
78419 
78420 
78421 
78422 
78423 
78424 
78425 
78426 
78427 
78428 
78429 
78430 
78431 
96480 
96481 
96482 
96483 
96484 
96485 
96486 
96487 
96488 
96489 
96490 
96491 
96492 
96493 
96494 
96495 
96496 
96497 
96498 
96499 
96500 
96501 
96502 
96503 
96504 
96505 
96506 
96507 
96508 
96509 
96510 
96511 
96512 
96513 
96514 
96515 
96516 
96517 
96518 
96519 
96520 
96521 
96522 
96523 
96524 
96525 
96526 
96527 
96528 
96529 
96530 
96531 
96532 
96533 
96534 
96535 
96536 
96537 
96538 
96539 
96540 
96541 
96542 
96543 
96544 
96545 
96546 
96547 
96548 
96549 
96550 
96551 
96552 
96553 
96554 
96555 
96556 
96557 
96558 
96559 
96560 
96561 
96562 
96563 
96564 
96565 
96566 
96567 
96568 
96569 
96570 
96571 
96572 
96573 
96574 
96575 
96576 
96577 
96578 
96579 
96580 
96581 
96582 
96583 
96584 
96585 
96586 
96587 
96588 
96589 
96590 
96591 
96592 
96593 
96594 
96595 
96596 
96597 
96598 
96599 
96600 
96601 
96602 
96603 
96604 
96605 
96606 
96607 
96608 
96609 
96610 
96611 
96612 
96613 
96614 
96615 
96616 
96617 
96618 
96619 
96620 
96621 
96622 
96623 
96624 
96625 
96626 
96627 
96628 
96629 
96630 
96631 
96632 
96633 
96634 
96635 
96636 
96637 
96638 
96639 
96640 
96641 
96642 
96643 
96644 
96645 
96646 
96647 
96648 
96649 
96650 
96651 
96652 
96653 
96654 
96655 
96656 
96657 
96658 
96659 
96660 
96661 
96662 
96663 
96664 
96665 
96666 
96667 
96668 
96669 
96670 
96671 
96672 
96673 
96674 
96675 
96676 
96677 
96678 
96679 
96680 
96681 
96682 
96683 
96684 
96685 
96686 
96687 
96688 
96689 
96690 
96691 
96692 
96693 
96694 
96695 
96696 
96697 
96698 
96699 
96700 
96701 
96702 
96703 
96704 
96705 
96706 
96707 
96708 
96709 
96710 
96711 
96712 
96713 
96714 
96715 
96716 
96717 
96718 
96719 
96720 
96721 
96722 
96723 
96724 
96725 
96726 
96727 
96728 
96729 
96730 
96731 
96732 
96733 
96734 
96735 
96736 
96737 
96738 
96739 
96740 
96741 
96742 
96743 
96744 
96745 
96746 
96747 
96748 
96749 
96750 
96751 
96752 
96753 
96754 
96755 
96756 
96757 
96758 
96759 
96760 
96761 
96762 
96763 
96764 
96765 
96766 
96767 
96768 
96769 
96770 
96771 
96772 
96773 
96774 
96775 
96776 
96777 
96778 
96779 
96780 
96781 
96782 
96783 
96784 
96785 
96786 
96787 
96788 
96789 
96790 
96791 
96792 
96793 
96794 
96795 
96796 
96797 
96798 
96799 
96800 
96801 
96802 
96803 
96804 
96805 
96806 
96807 
96808 
96809 
96810 
96811 
96812 
96813 
96814 
96815 
96816 
96817 
96818 
96819 
96820 
96821 
96822 
96823 
96824 
96825 
96826 
96827 
96828 
96829 
96830 
96831 
96832 
96833 
96834 
96835 
96836 
96837 
96838 
96839 
96840 
96841 
96842 
96843 
96844 
96845 
96846 
96847 
96848 
96849 
96850 
96851 
96852 
96853 
96854 
96855 
96856 
96857 
96858 
96859 
96860 
96861 
96862 
96863 
96864 
96865 
96866 
96867 
96868 
96869 
96870 
96871 
96872 
96873 
96874 
96875 
96876 
96877 
96878 
96879 
96880 
96881 
96882 
96883 
96884 
96885 
96886 
96887 
96888 
96889 
96890 
96891 
96892 
96893 
96894 
96895 
96896 
96897 
96898 
96899 
96900 
96901 
96902 
96903 
96904 
96905 
96906 
96907 
96908 
96909 
96910 
96911 
96912 
96913 
96914 
96915 
96916 
96917 
96918 
96919 
96920 
96921 
96922 
96923 
96924 
96925 
96926 
96927 
96928 
96929 
96930 
96931 
96932 
96933 
96934 
96935 
96936 
96937 
96938 
96939 
96940 
96941 
96942 
96943 
96944 
96945 
96946 
96947 
96948 
96949 
96950 
96951 
96952 
96953 
96954 
96955 
96956 
96957 
96958 
96959 
96960 
96961 
96962 
96963 
96964 
96965 
96966 
96967 
96968 
96969 
96970 
96971 
96972 
96973 
96974 
96975 
96976 
96977 
96978 
96979 
96980 
96981 
96982 
96983 
96984 
96985 
96986 
96987 
96988 
96989 
96990 
96991 
96992 
96993 
96994 
96995 
96996 
96997 
96998 
96999 
97000 
97001 
97002 
97003 
97004 
97005 
97006 
97007 
97008 
97009 
97010 
97011 
97012 
97013 
97014 
97015 
97016 
97017 
97018 
97019 
97020 
97021 
97022 
97023 
97024 
97025 
97026 
97027 
97028 
97029 
97030 
97031 
97032 
97033 
97034 
97035 
97036 
97037 
97038 
97039 
97040 
97041 
97042 
97043 
97044 
97045 
97046 
97047 
97048 
97049 
97050 
97051 
97052 
97053 
97054 
97055 
)

// ************************************************************************* //
